0 5 29247 139797411067648 -1
0 4 29386 140668433811200 -1
0 4 29414 140366645065472 -1
0 7 29513 139651336234752 -1
0 4 29739 140344974132992 -1
0 8 29803 140668309120768 -1
0 5 30042 140305608767232 -1
0 1 30157 140345224906496 -1
0 2 30358 140045927487232 -1
1 1 30358 140045919094528 -1
2 3 30358 140045910701824 -1
3 7 30358 140045902309120 -1
4 3 30358 140045893916416 -1
5 1 30358 140045885523712 -1
6 9 30358 140045877131008 -1
7 9 30358 140045394638592 -1
0 9 30358 140045386245888 -1
0 1 30358 140045377853184 -1
0 9 30480 140640637929216 -1
1 4 30480 140640629536512 -1
2 9 30480 140640621143808 -1
3 9 30480 140640612751104 -1
4 7 30480 140640604358400 -1
5 5 30480 140640595965696 -1
6 8 30480 140640247609088 -1
7 8 30480 140640239216384 -1
8 8 30480 140640230823680 -1
9 5 30480 140640222430976 -1
